4521329385884
4521329387178
4521329356549
4521329333700
4521329341965
4521329340340
4521329333915
4521329351117
4521329370361
4521329333687
4521329340586
4521329340555
4521329340593
4521329356433
4521329333748
4521329389745
4521329341958
4521329359984
4521329340418
4521329340524
4521329340449
4521329370347
4521329340425
4521329340463
4521329340265
4521329333731
4521329359922
4521329340579
4521329333755
4521329333779
4521329360003
4521329356440
4521329360058
4521329370422
4521329334080
4521329360041
4521329359991
4521329389806
4521329359939
4521329340562
4521329360034
4521329360027
4521329356372
4521329359908
4521329356471
4521329333786
4521329364438
4521329364421
4521329340371
4521329389738
4521329389714
4521329389967
4521329340388
4521329370460
4521329356365
4521329340531
4521329341941
4521329370453
4521329333922
4521329334042
4521329333939
4521329242088
4521329359885
4521329334035
4521329341910
4521329242170
4521329356358
4521329370408
4521329333823
4521329370446
4521329245591
4521329341934
4521329385860
4521329356457
4521329356464
4521329364445
4521329245720
4521329245744
4521329390512
4521329245805
4521329333816
4521329341989
4521329244860
4521329333830
4521329340432
4521329359878
4521329389776
4521329334028
4521329244921
4521329244938
4521329340401
4521329244990
4521329245027
4521329340456
4521329389653
4521329370378
4521329333724
4521329356389
4521329245096
4521329341903
4521329385785
4521329356396
4521329389677
4521329387185
4521329245171
4521329370385
4521329359960
4521329370392
4521329334066
4521329370415
4521329359915
4521329245294
4521329359977
4521329245324
4521329245348
4521329245355
4521329356402
4521329340517
4521329340364
4521329333793
4521329370354
4521329370439
4521329356426
4521329341927
4521329356532
4521329341880
4521329340258
4521329341897
4521329334073
4521329361628
4521329385839
4521329361642
4521329385853
4521329340548
4521329340272
4521329385877
4521329333694
4521329334097
4521329359892
4521329389929
4521329245102
4521329359946
4521329359953
4521329364377
4521329333762
4521329356419
4521329385846
4521329362731
4521329360010
