4521329356518
4521329356303
4521329340616
4521329341972
4521329340678
4521329340500
4521329333717
4521329370514
4521329333977
4521329340241
4521329364483
4521329389851
4521329340333
4521329364476
4521329340326
4521329333861
4521329364469
4521329340289
4521329364520
4521329340302
4521329269719
4521329392981
4521329390482
4521329361635
4521329364506
4521329269153
4521329333885
4521329370484
4521329390499
4521329340609
4521329356341
4521329356556
4521329356563
4521329370491
4521329340487
4521329356242
4521329356259
4521329356525
4521329370538
4521329356273
4521329340647
4521329340654
4521329340661
4521329356280
4521329340685
4521329340692
4521329370477
4521329356310
4521329356266
4521329370521
4521329356297
4521329370545
4521329334103
4521329364452
4521329370897
4521329356501
4521329340296
4521329333946
4521329333953
4521329370507
4521329340470
4521329389783
4521329364490
4521329333960
4521329340319
4521329334127
4521329269405
4521329269504
4521329269542
4521329269603
4521329269610
4521329269627
4521329269641
4521329268682
4521329269689
4521329269696
4521329389936
4521329389844
4521329340630
4521329268729
4521329340395
4521329268736
4521329269092
4521329269122
4521329334134
4521329268781
4521329334004
4521329268828
4521329389882
4521329268842
4521329334059
4521329268873
4521329334011
4521329340494
4521329333984
4521329333854
4521329268972
4521329333878
4521329364513
4521329387192
4521329333991
