4521329317434
4521329317458
4521329316796
4521329317427
4521329316512
4521329316123
4521329317472
4521329316284
4521329316710
4521329317250
4521329317205
4521329317502
4521329317052
4521329316703
4521329316819
4521329317410
4521329316451
4521329316659
4521329317304
4521329316154
4521329317359
4521329316406
4521329317397
4521329316574
4521329316130
4521329316697
4521329316628
4521329317274
4521329316536
4521329316529
4521329316734
4521329317267
4521329316307
4521329316369
4521329317069
4521329316543
4521329316840
4521329316161
4521329317298
4521329316185
4521329316888
4521329316239
4521329316291
4521329317076
4521329316505
4521329316963
4521329317137
4521329317144
4521329317342
4521329317014
4521329316604
4521329316789
4521329317236
4521329316741
4521329317045
4521329316758
4521329316215
4521329316253
4521329316338
4521329316345
4521329316475
4521329316499
4521329316567
4521329316581
4521329316666
4521329316673
4521329316680
4521329316765
4521329316772
4521329316826
4521329316857
4521329316987
4521329317021
4521329317311
4521329317328
4521329317120
4521329317380
4521329316932
4521329317212
4521329316116
4521329316147
4521329316178
4521329316208
4521329316222
4521329316246
4521329316260
4521329316277
4521329316321
4521329316376
4521329316383
4521329316390
4521329316413
4521329316444
4521329316468
4521329316550
4521329316598
4521329316635
4521329316642
4521329316727
4521329316802
4521329316833
4521329316864
4521329316895
4521329316901
4521329316918
4521329316925
4521329316994
4521329317038
4521329317083
4521329317090
4521329317151
4521329317168
4521329317175
4521329317182
4521329317199
4521329317229
4521329317281
4521329317335
4521329317366
4521329317403
4521329317441
4521329317465
4521329317489
4521329317496
4521329316192
4521329316314
4521329316352
4521329316420
4521329316437
4521329316482
4521329316871
4521329316949
4521329316956
4521329316970
4521329317007
4521329317106
4521329317243
4521329317373
4521329317519
4521329317113
4521329316611
