4521329341330
4521329339771
4521329339689
4521329339528
4521329339092
4521329341309
4521329339542
4521329339221
4521329339245
4521329341316
4521329341132
4521329341149
4521329339467
4521329333137
4521329333236
4521329341385
4521329333083
4521329341378
4521329339498
4521329333151
4521329339399
4521329339412
4521329341262
4521329339511
4521329341354
4521329341224
4521329339375
4521329339559
4521329341408
4521329339290
4521329341231
4521329339214
4521329339306
4521329339054
4521329341217
4521329341279
4521329341286
4521329341422
4521329341194
4521329341293
4521329339696
4521329339313
4521329339436
4521329333229
4521329339078
4521329339443
4521329341323
4521329339191
4521329339597
4521329339573
4521329333076
4521329333144
4521329341156
4521329339382
4521329333168
4521329339108
4521329339641
4521329333120
4521329339580
4521329339085
4521329333205
4521329339344
4521329333113
4521329339566
4521329339610
4521329339634
4521329339665
4521329341187
4521329341255
4521329341415
4521329339450
4521329339764
4521329339351
4521329339153
4521329339283
4521329339269
4521329339481
4521329333182
4521329339276
4521329339122
4521329339672
4521329333175
4521329339146
4521329339139
4521329339177
4521329339160
4521329339252
4521329339429
4521329339740
4521329341200
4521329333052
4521329333106
4521329333199
4521329339184
4521329339207
4521329339238
4521329339320
4521329339368
4521329339535
4521329339603
4521329339658
4521329341361
4521329341248
4521329339504
4521329339733
4521329339757
4521329341163
4521329341347
4521329341392
4521329333212
4521329333243
4521329339061
4521329339115
4521329339474
4521329339627
4521329339702
4521329339719
4521329339726
4521329341170
4521329339405
4521329339337
