4521329349275
4521329349787
4521329350608
4521329350509
4521329350325
4521329350523
4521329349688
4521329350189
4521329343983
4521329349121
4521329350516
4521329349114
4521329349244
4521329349398
4521329349541
4521329349718
4521329350165
4521329349459
4521329349503
4521329349176
4521329349411
4521329350295
4521329350073
4521329350622
4521329349572
4521329343976
4521329350264
4521329350448
4521329350431
4521329343891
4521329349701
4521329349558
4521329349138
4521329343938
4521329349268
4521329350400
4521329349435
4521329344034
4521329343969
4521329349381
4521329349817
4521329350226
4521329350455
4521329350394
4521329344010
4521329349961
4521329350066
4521329350172
4521329349923
4521329349732
4521329349930
4521329350103
4521329350233
4521329350059
4521329349763
4521329349916
4521329350554
4521329349442
4521329350035
4521329349213
4521329350462
4521329343860
4521329349251
4521329350257
4521329349190
4521329349749
4521329344003
4521329349169
4521329350271
4521329349312
4521329349589
4521329349800
4521329350318
4521329349510
4521329344027
4521329350387
4521329349374
4521329343884
4521329343907
4521329343914
4521329343921
4521329343952
4521329343990
4521329349220
4521329349282
4521329349299
4521329349336
4521329349343
4521329349350
4521329349626
4521329349633
4521329349794
4521329349947
4521329350110
4521329350127
4521329350219
4521329350240
4521329350349
4521329350363
4521329350370
4521329349152
4521329349695
4521329349992
4521329350547
4521329349756
4521329350356
4521329349480
4521329350042
4521329350097
4521329349978
4521329350592
4521329350561
4521329349893
4521329349428
4521329344065
4521329350530
4521329350585
4521329350578
4521329350615
4521329349497
4521329349329
4521329349534
4521329344072
4521329349206
4521329350332
4521329349527
4521329350196
4521329350011
4521329343877
4521329344041
4521329344058
4521329349305
4521329349466
4521329349855
4521329349848
4521329349831
4521329349862
4521329349886
4521329349879
4521329349909
4521329350202
4521329350301
4521329350479
4521329350486
4521329350493
4521329350288
4521329349602
4521329349619
4521329349473
4521329350141
4521329350158
4521329350134
4521329350004
4521329349985
4521329349954
4521329343945
4521329349664
4521329350028
4521329350424
4521329349145
4521329350080
4521329349640
4521329349183
4521329349237
4521329349367
4521329349404
4521329349565
4521329349596
4521329349657
4521329349671
4521329349725
4521329350417
4521329349770
4521329349824
