4521329367156
4521329366616
4521329366265
4521329366548
4521329365992
4521329366043
4521329366623
4521329366609
4521329366975
4521329366012
4521329366951
4521329366647
4521329366913
4521329366272
4521329367248
4521329367163
4521329366579
4521329367057
4521329366562
4521329365985
4521329367118
4521329366302
4521329366258
4521329367019
4521329367187
4521329366074
4521329367194
4521329366982
4521329367125
4521329367033
4521329366968
4521329366029
4521329366036
4521329366630
4521329367064
4521329366593
4521329366685
4521329367040
4521329367217
4521329367170
4521329366555
4521329366692
4521329365954
4521329366005
4521329366104
4521329366111
4521329366098
4521329366142
4521329366081
4521329366067
4521329366135
4521329366128
4521329366227
4521329366234
4521329366289
4521329366296
4521329366937
4521329367231
4521329366739
4521329366173
4521329366050
4521329366807
4521329366814
4521329365961
4521329365978
4521329366999
4521329367224
4521329366586
4521329366654
4521329366678
4521329366241
4521329366906
4521329367071
4521329367095
4521329367101
4521329367132
4521329367149
4521329366883
4521329366715
4521329366180
4521329367088
4521329366869
4521329366838
4521329366722
4521329366746
4521329366760
4521329366708
4521329366890
4521329366784
4521329366753
4521329366661
4521329366821
4521329366777
4521329366159
4521329366197
4521329366203
4521329366210
4521329366920
4521329366944
4521329367002
4521329367026
4521329367200
4521329366791
4521329366845
4521329366876
4521329366852
4521329366166
