4521329413310
4521329413266
4521329413297
4521329413235
4521329413365
4521329413402
4521329413259
4521329413280
4521329413303
4521329413396
4521329413327
4521329413242
4521329413341
4521329413358
4521329413389
4521329413273
4521329413372
4521329413334
4521329427850
4521329428109
4521329427829
4521329428093
4521329427980
4521329428079
4521329428062
4521329428116
4521329420745
4521329427997
4521329413457
4521329420653
4521329413525
4521329420714
4521329427843
4521329420752
4521329420561
4521329420820
4521329413440
4521329420790
4521329427959
4521329420707
4521329413488
4521329420721
4521329413464
4521329427867
4521329428000
4521329413433
4521329413563
4521329428123
4521329420646
4521329420912
4521329427928
4521329427973
4521329428130
4521329428017
4521329420806
4521329420639
4521329420622
4521329420783
4521329420776
4521329413419
4521329427942
4521329420936
4521329420929
4521329420851
4521329428024
4521329427911
4521329427935
4521329413532
4521329420844
4521329413594
4521329413549
4521329420967
4521329420813
4521329413587
4521329413501
4521329420684
4521329427898
4521329413518
4521329427874
4521329427881
4521329420899
4521329413471
4521329420875
4521329420660
4521329420769
4521329420868
4521329428055
4521329413426
4521329427904
4521329428086
4521329420882
4521329428048
4521329428031
4521329420530
4521329420578
4521329420943
4521329420592
4521329420905
4521329420950
4521329420585
4521329420608
4521329420615
4521329420837
4521329413495
4521329420691
4521329413556
4521329413570
4521329420547
4521329420677
4521329420738
4521329420554
4521329427836
4521329420523
4521329427966
4521329420516
4521329413600
